Frame 1
0.060183
-1
0.639987 -0.001120 0.768385 289.451599 0.001047 0.999999 0.000586 -0.639669 -0.768385 0.000429 0.639988 659.823656 
1.000000 0.000000 0.000000 0.000000 0.000000 1.000000 0.000000 0.000000 0.000000 0.000000 1.000000 0.000000 
-0.639987 -0.001030 0.768385 682.712793 -0.001132 0.999999 0.000398 0.699284 -0.768385 -0.000615 -0.639988 632.238090 
-0.639987 -0.001030 0.768385 682.712793 -0.001132 0.999999 0.000398 0.699284 -0.768385 -0.000615 -0.639988 632.238090 
Frame 2
0.360181
-1
0.639987 -0.001120 0.768385 289.451599 0.001047 0.999999 0.000586 -0.639669 -0.768385 0.000429 0.639988 659.823656 
1.000000 0.000000 0.000000 0.000000 0.000000 1.000000 0.000000 0.000000 0.000000 0.000000 1.000000 0.000000 
-0.639987 -0.001030 0.768385 682.712793 -0.001132 0.999999 0.000398 0.699284 -0.768385 -0.000615 -0.639988 632.238090 
-0.639987 -0.001030 0.768385 682.712793 -0.001132 0.999999 0.000398 0.699284 -0.768385 -0.000615 -0.639988 632.238090 
Frame 3
0.460181
-1
0.639987 -0.001120 0.768385 289.451599 0.001047 0.999999 0.000586 -0.639669 -0.768385 0.000429 0.639988 659.823656 
0.639987 -0.001120 0.768385 277.910233 0.001047 0.999999 0.000586 4.368287 -0.768385 0.000429 0.639988 611.174738 
-1.000000 0.000016 -0.000000 974.466600 0.000016 1.000000 -0.000029 4.996399 0.000000 -0.000029 -1.000000 27.548921 
-0.639987 -0.001030 0.768385 682.712793 -0.001132 0.999999 0.000398 0.699284 -0.768385 -0.000615 -0.639988 632.238090 
Frame 4
0.560218
-1
0.639987 -0.001120 0.768385 289.451599 0.001047 0.999999 0.000586 -0.639669 -0.768385 0.000429 0.639988 659.823656 
0.639987 -0.001120 0.768385 277.910233 0.001047 0.999999 0.000586 4.368287 -0.768385 0.000429 0.639988 611.174738 
-1.000000 0.000016 -0.000000 974.466600 0.000016 1.000000 -0.000029 4.996399 0.000000 -0.000029 -1.000000 27.548921 
-0.639987 -0.001030 0.768385 682.712793 -0.001132 0.999999 0.000398 0.699284 -0.768385 -0.000615 -0.639988 632.238090 
Frame 5
0.660208
-1
0.639987 -0.001120 0.768385 289.451599 0.001047 0.999999 0.000586 -0.639669 -0.768385 0.000429 0.639988 659.823656 
0.639987 -0.001120 0.768385 277.910233 0.001047 0.999999 0.000586 4.368287 -0.768385 0.000429 0.639988 611.174738 
-1.000000 0.000016 -0.000000 974.466600 0.000016 1.000000 -0.000029 4.996399 0.000000 -0.000029 -1.000000 27.548921 
-0.639987 -0.001030 0.768385 682.712793 -0.001132 0.999999 0.000398 0.699284 -0.768385 -0.000615 -0.639988 632.238090 
Frame 6
0.760196
-1
0.639987 -0.001120 0.768385 289.451599 0.001047 0.999999 0.000586 -0.639669 -0.768385 0.000429 0.639988 659.823656 
0.639987 -0.001120 0.768385 277.910233 0.001047 0.999999 0.000586 4.368287 -0.768385 0.000429 0.639988 611.174738 
-1.000000 0.000016 -0.000000 974.466600 0.000016 1.000000 -0.000029 4.996399 0.000000 -0.000029 -1.000000 27.548921 
-0.639987 -0.001030 0.768385 682.712793 -0.001132 0.999999 0.000398 0.699284 -0.768385 -0.000615 -0.639988 632.238090 
Frame 7
0.860188
-1
0.639987 -0.001120 0.768385 289.451599 0.001047 0.999999 0.000586 -0.639669 -0.768385 0.000429 0.639988 659.823656 
0.639987 -0.001120 0.768385 277.910233 0.001047 0.999999 0.000586 4.368287 -0.768385 0.000429 0.639988 611.174738 
-1.000000 0.000016 -0.000000 974.466600 0.000016 1.000000 -0.000029 4.996399 0.000000 -0.000029 -1.000000 27.548921 
-0.639987 -0.001030 0.768385 682.712793 -0.001132 0.999999 0.000398 0.699284 -0.768385 -0.000615 -0.639988 632.238090 
Frame 8
0.960175
-1
0.639987 -0.001120 0.768385 289.451599 0.001047 0.999999 0.000586 -0.639669 -0.768385 0.000429 0.639988 659.823656 
0.639987 -0.001120 0.768385 277.910233 0.001047 0.999999 0.000586 4.368287 -0.768385 0.000429 0.639988 611.174738 
-1.000000 0.000016 -0.000000 974.466600 0.000016 1.000000 -0.000029 4.996399 0.000000 -0.000029 -1.000000 27.548921 
-0.639987 -0.001030 0.768385 682.712793 -0.001132 0.999999 0.000398 0.699284 -0.768385 -0.000615 -0.639988 632.238090 
Frame 9
1.060176
-1
0.639987 -0.001120 0.768385 289.451599 0.001047 0.999999 0.000586 -0.639669 -0.768385 0.000429 0.639988 659.823656 
0.639987 -0.001120 0.768385 277.910233 0.001047 0.999999 0.000586 4.368287 -0.768385 0.000429 0.639988 611.174738 
-1.000000 0.000016 -0.000000 974.466600 0.000016 1.000000 -0.000029 4.996399 0.000000 -0.000029 -1.000000 27.548921 
-0.639987 -0.001030 0.768385 682.712793 -0.001132 0.999999 0.000398 0.699284 -0.768385 -0.000615 -0.639988 632.238090 
Frame 10
1.160212
-1
0.639987 -0.001120 0.768385 289.451599 0.001047 0.999999 0.000586 -0.639669 -0.768385 0.000429 0.639988 659.823656 
0.639987 -0.001120 0.768385 277.910233 0.001047 0.999999 0.000586 4.368287 -0.768385 0.000429 0.639988 611.174738 
-1.000000 0.000016 -0.000000 974.466600 0.000016 1.000000 -0.000029 4.996399 0.000000 -0.000029 -1.000000 27.548921 
-0.639987 -0.001030 0.768385 682.712793 -0.001132 0.999999 0.000398 0.699284 -0.768385 -0.000615 -0.639988 632.238090 
Frame 11
1.260197
-1
0.639987 -0.001120 0.768385 289.451599 0.001047 0.999999 0.000586 -0.639669 -0.768385 0.000429 0.639988 659.823656 
0.639987 -0.001120 0.768385 277.910233 0.001047 0.999999 0.000586 4.368287 -0.768385 0.000429 0.639988 611.174738 
-1.000000 0.000016 -0.000000 974.466600 0.000016 1.000000 -0.000029 4.996399 0.000000 -0.000029 -1.000000 27.548921 
-0.639987 -0.001030 0.768385 682.712793 -0.001132 0.999999 0.000398 0.699284 -0.768385 -0.000615 -0.639988 632.238090 
Frame 12
1.360187
-1
0.639987 -0.001120 0.768385 289.451599 0.001047 0.999999 0.000586 -0.639669 -0.768385 0.000429 0.639988 659.823656 
0.639987 -0.001120 0.768385 277.910233 0.001047 0.999999 0.000586 4.368287 -0.768385 0.000429 0.639988 611.174738 
-1.000000 0.000016 -0.000000 974.466600 0.000016 1.000000 -0.000029 4.996399 0.000000 -0.000029 -1.000000 27.548921 
-0.639987 -0.001030 0.768385 682.712793 -0.001132 0.999999 0.000398 0.699284 -0.768385 -0.000615 -0.639988 632.238090 
Frame 13
1.460176
-1
0.639987 -0.001120 0.768385 289.451599 0.001047 0.999999 0.000586 -0.639669 -0.768385 0.000429 0.639988 659.823656 
0.639987 -0.001120 0.768385 277.910233 0.001047 0.999999 0.000586 4.368287 -0.768385 0.000429 0.639988 611.174738 
-1.000000 0.000016 -0.000000 974.466600 0.000016 1.000000 -0.000029 4.996399 0.000000 -0.000029 -1.000000 27.548921 
-0.639987 -0.001030 0.768385 682.712793 -0.001132 0.999999 0.000398 0.699284 -0.768385 -0.000615 -0.639988 632.238090 
Frame 14
1.560168
-1
0.639987 -0.001120 0.768385 289.451599 0.001047 0.999999 0.000586 -0.639669 -0.768385 0.000429 0.639988 659.823656 
0.639987 -0.001120 0.768385 277.910233 0.001047 0.999999 0.000586 4.368287 -0.768385 0.000429 0.639988 611.174738 
-1.000000 0.000016 -0.000000 974.466600 0.000016 1.000000 -0.000029 4.996399 0.000000 -0.000029 -1.000000 27.548921 
-0.639987 -0.001030 0.768385 682.712793 -0.001132 0.999999 0.000398 0.699284 -0.768385 -0.000615 -0.639988 632.238090 
Frame 15
1.660167
-1
0.639987 -0.001120 0.768385 289.451599 0.001047 0.999999 0.000586 -0.639669 -0.768385 0.000429 0.639988 659.823656 
0.639987 -0.001120 0.768385 277.910233 0.001047 0.999999 0.000586 4.368287 -0.768385 0.000429 0.639988 611.174738 
-1.000000 0.000016 -0.000000 974.466600 0.000016 1.000000 -0.000029 4.996399 0.000000 -0.000029 -1.000000 27.548921 
-0.639987 -0.001030 0.768385 682.712793 -0.001132 0.999999 0.000398 0.699284 -0.768385 -0.000615 -0.639988 632.238090 
Frame 16
1.760154
-1
0.639987 -0.001120 0.768385 289.451599 0.001047 0.999999 0.000586 -0.639669 -0.768385 0.000429 0.639988 659.823656 
0.639987 -0.001120 0.768385 277.910233 0.001047 0.999999 0.000586 4.368287 -0.768385 0.000429 0.639988 611.174738 
-1.000000 0.000016 -0.000000 974.466600 0.000016 1.000000 -0.000029 4.996399 0.000000 -0.000029 -1.000000 27.548921 
-0.639987 -0.001030 0.768385 682.712793 -0.001132 0.999999 0.000398 0.699284 -0.768385 -0.000615 -0.639988 632.238090 
Frame 17
1.860184
-1
0.639987 -0.001120 0.768385 289.451599 0.001047 0.999999 0.000586 -0.639669 -0.768385 0.000429 0.639988 659.823656 
0.639987 -0.001120 0.768385 277.910233 0.001047 0.999999 0.000586 4.368287 -0.768385 0.000429 0.639988 611.174738 
-1.000000 0.000016 -0.000000 974.466600 0.000016 1.000000 -0.000029 4.996399 0.000000 -0.000029 -1.000000 27.548921 
-0.639987 -0.001030 0.768385 682.712793 -0.001132 0.999999 0.000398 0.699284 -0.768385 -0.000615 -0.639988 632.238090 
Frame 18
1.960181
-1
0.639987 -0.001120 0.768385 289.451599 0.001047 0.999999 0.000586 -0.639669 -0.768385 0.000429 0.639988 659.823656 
0.639987 -0.001120 0.768385 277.910233 0.001047 0.999999 0.000586 4.368287 -0.768385 0.000429 0.639988 611.174738 
-1.000000 0.000016 -0.000000 974.466600 0.000016 1.000000 -0.000029 4.996399 0.000000 -0.000029 -1.000000 27.548921 
-0.639987 -0.001030 0.768385 682.712793 -0.001132 0.999999 0.000398 0.699284 -0.768385 -0.000615 -0.639988 632.238090 
Frame 19
2.060163
-1
0.639987 -0.001120 0.768385 289.451599 0.001047 0.999999 0.000586 -0.639669 -0.768385 0.000429 0.639988 659.823656 
0.639987 -0.001120 0.768385 277.910233 0.001047 0.999999 0.000586 4.368287 -0.768385 0.000429 0.639988 611.174738 
-1.000000 0.000016 -0.000000 974.466600 0.000016 1.000000 -0.000029 4.996399 0.000000 -0.000029 -1.000000 27.548921 
-0.639987 -0.001030 0.768385 682.712793 -0.001132 0.999999 0.000398 0.699284 -0.768385 -0.000615 -0.639988 632.238090 
Frame 20
2.160147
-1
0.639987 -0.001120 0.768385 289.451599 0.001047 0.999999 0.000586 -0.639669 -0.768385 0.000429 0.639988 659.823656 
0.639987 -0.001120 0.768385 277.910233 0.001047 0.999999 0.000586 4.368287 -0.768385 0.000429 0.639988 611.174738 
-1.000000 0.000016 -0.000000 974.466600 0.000016 1.000000 -0.000029 4.996399 0.000000 -0.000029 -1.000000 27.548921 
-0.639987 -0.001030 0.768385 682.712793 -0.001132 0.999999 0.000398 0.699284 -0.768385 -0.000615 -0.639988 632.238090 
Frame 21
2.260161
-1
0.639987 -0.001120 0.768385 289.451599 0.001047 0.999999 0.000586 -0.639669 -0.768385 0.000429 0.639988 659.823656 
0.639987 -0.001120 0.768385 277.910233 0.001047 0.999999 0.000586 4.368287 -0.768385 0.000429 0.639988 611.174738 
-1.000000 0.000016 -0.000000 974.466600 0.000016 1.000000 -0.000029 4.996399 0.000000 -0.000029 -1.000000 27.548921 
-0.639987 -0.001030 0.768385 682.712793 -0.001132 0.999999 0.000398 0.699284 -0.768385 -0.000615 -0.639988 632.238090 
Frame 22
2.360188
-1
0.639987 -0.001120 0.768385 289.451599 0.001047 0.999999 0.000586 -0.639669 -0.768385 0.000429 0.639988 659.823656 
0.639987 -0.001120 0.768385 277.910233 0.001047 0.999999 0.000586 4.368287 -0.768385 0.000429 0.639988 611.174738 
-1.000000 0.000016 -0.000000 974.466600 0.000016 1.000000 -0.000029 4.996399 0.000000 -0.000029 -1.000000 27.548921 
-0.639987 -0.001030 0.768385 682.712793 -0.001132 0.999999 0.000398 0.699284 -0.768385 -0.000615 -0.639988 632.238090 
Frame 23
2.460181
0
0.639987 -0.001120 0.768385 289.451599 0.001047 0.999999 0.000586 -0.639669 -0.768385 0.000429 0.639988 659.823656 
0.636776 0.009833 0.770986 273.779229 -0.001114 0.999929 -0.011833 9.086432 -0.771048 0.006676 0.636742 610.160081 
-0.999989 -0.002194 -0.004146 976.325883 -0.002142 0.999920 -0.012452 9.718812 0.004173 -0.012443 -0.999914 31.369589 
-0.639987 -0.001030 0.768385 682.712793 -0.001132 0.999999 0.000398 0.699284 -0.768385 -0.000615 -0.639988 632.238090 
Frame 24
2.560084
0
0.639987 -0.001120 0.768385 289.451599 0.001047 0.999999 0.000586 -0.639669 -0.768385 0.000429 0.639988 659.823656 
0.635495 0.010279 0.772036 273.334441 -0.001819 0.999929 -0.011816 8.903935 -0.772102 0.006105 0.635469 610.392448 
-0.999979 -0.002918 -0.005797 976.789277 -0.002845 0.999919 -0.012436 9.536911 0.005833 -0.012420 -0.999906 31.562757 
-0.639987 -0.001030 0.768385 682.712793 -0.001132 0.999999 0.000398 0.699284 -0.768385 -0.000615 -0.639988 632.238090 
Frame 25
2.660143
0
0.639987 -0.001120 0.768385 289.451599 0.001047 0.999999 0.000586 -0.639669 -0.768385 0.000429 0.639988 659.823656 
0.633922 0.011031 0.773318 273.122774 -0.002024 0.999919 -0.012604 9.157999 -0.773395 0.006424 0.633892 611.243763 
-0.999964 -0.003153 -0.007828 977.578616 -0.003050 0.999908 -0.013226 9.791553 0.007869 -0.013202 -0.999882 31.180411 
-0.639987 -0.001030 0.768385 682.712793 -0.001132 0.999999 0.000398 0.699284 -0.768385 -0.000615 -0.639988 632.238090 
Frame 26
2.760149
0
0.639987 -0.001120 0.768385 289.451599 0.001047 0.999999 0.000586 -0.639669 -0.768385 0.000429 0.639988 659.823656 
0.633223 0.011663 0.773881 273.015774 -0.001385 0.999902 -0.013936 9.323643 -0.773968 0.007753 0.633177 611.248744 
-0.999959 -0.002537 -0.008736 977.650753 -0.002409 0.999891 -0.014560 9.957320 0.008772 -0.014538 -0.999856 31.259339 
-0.639987 -0.001030 0.768385 682.712793 -0.001132 0.999999 0.000398 0.699284 -0.768385 -0.000615 -0.639988 632.238090 
Frame 27
2.860174
0
0.639987 -0.001120 0.768385 289.451599 0.001047 0.999999 0.000586 -0.639669 -0.768385 0.000429 0.639988 659.823656 
0.632716 0.011183 0.774303 273.106087 -0.000957 0.999906 -0.013659 9.429069 -0.774384 0.007901 0.632667 611.658494 
-0.999954 -0.002116 -0.009399 977.907689 -0.001982 0.999896 -0.014284 10.062807 0.009428 -0.014264 -0.999854 30.927644 
-0.639987 -0.001030 0.768385 682.712793 -0.001132 0.999999 0.000398 0.699284 -0.768385 -0.000615 -0.639988 632.238090 
Frame 28
2.960182
0
0.639987 -0.001120 0.768385 289.451599 0.001047 0.999999 0.000586 -0.639669 -0.768385 0.000429 0.639988 659.823656 
0.633148 0.010872 0.773954 273.129395 -0.000567 0.999908 -0.013582 9.470363 -0.774031 0.008161 0.633096 611.347073 
-0.999959 -0.001718 -0.008846 977.653439 -0.001592 0.999898 -0.014206 10.103950 0.008870 -0.014191 -0.999860 31.109015 
-0.639987 -0.001030 0.768385 682.712793 -0.001132 0.999999 0.000398 0.699284 -0.768385 -0.000615 -0.639988 632.238090 
Frame 29
3.060173
0
0.639987 -0.001120 0.768385 289.451599 0.001047 0.999999 0.000586 -0.639669 -0.768385 0.000429 0.639988 659.823656 
0.633828 0.011036 0.773395 273.122300 -0.000997 0.999909 -0.013451 9.369681 -0.773473 0.007754 0.633782 610.747325 
-0.999966 -0.002135 -0.007961 977.197247 -0.002022 0.999899 -0.014074 10.003038 0.007990 -0.014057 -0.999869 31.498360 
-0.639987 -0.001030 0.768385 682.712793 -0.001132 0.999999 0.000398 0.699284 -0.768385 -0.000615 -0.639988 632.238090 
Frame 30
3.160150
0
0.639987 -0.001120 0.768385 289.451599 0.001047 0.999999 0.000586 -0.639669 -0.768385 0.000429 0.639988 659.823656 
0.634132 0.010756 0.773150 273.217179 -0.001143 0.999915 -0.012973 9.257482 -0.773224 0.007343 0.634090 610.769877 
-0.999969 -0.002272 -0.007568 977.153969 -0.002169 0.999905 -0.013596 9.890740 0.007598 -0.013579 -0.999879 31.411092 
-0.639987 -0.001030 0.768385 682.712793 -0.001132 0.999999 0.000398 0.699284 -0.768385 -0.000615 -0.639988 632.238090 
Frame 31
3.260149
0
0.639987 -0.001120 0.768385 289.451599 0.001047 0.999999 0.000586 -0.639669 -0.768385 0.000429 0.639988 659.823656 
0.633557 0.010968 0.773619 272.876585 -0.001601 0.999916 -0.012865 9.130632 -0.773695 0.006912 0.633521 610.444802 
-0.999962 -0.002738 -0.008305 977.122293 -0.002626 0.999906 -0.013488 9.764146 0.008341 -0.013466 -0.999875 31.880922 
-0.639987 -0.001030 0.768385 682.712793 -0.001132 0.999999 0.000398 0.699284 -0.768385 -0.000615 -0.639988 632.238090 
Frame 32
3.360140
0
0.639987 -0.001120 0.768385 289.451599 0.001047 0.999999 0.000586 -0.639669 -0.768385 0.000429 0.639988 659.823656 
0.633624 0.011625 0.773554 273.346014 -0.001400 0.999903 -0.013880 9.392595 -0.773640 0.007712 0.633578 611.422050 
-0.999963 -0.002544 -0.008219 977.572497 -0.002425 0.999892 -0.014503 10.025967 0.008255 -0.014482 -0.999861 30.894632 
-0.639987 -0.001030 0.768385 682.712793 -0.001132 0.999999 0.000398 0.699284 -0.768385 -0.000615 -0.639988 632.238090 
Frame 33
3.460137
0
0.639987 -0.001120 0.768385 289.451599 0.001047 0.999999 0.000586 -0.639669 -0.768385 0.000429 0.639988 659.823656 
0.634650 0.010349 0.772731 273.326643 -0.000042 0.999911 -0.013357 9.482519 -0.772800 0.008445 0.634594 610.502103 
-0.999975 -0.001164 -0.006912 976.877928 -0.001068 0.999902 -0.013979 10.115547 0.006928 -0.013971 -0.999878 31.498215 
-0.639987 -0.001030 0.768385 682.712793 -0.001132 0.999999 0.000398 0.699284 -0.768385 -0.000615 -0.639988 632.238090 
Frame 34
3.560154
0
0.639987 -0.001120 0.768385 289.451599 0.001047 0.999999 0.000586 -0.639669 -0.768385 0.000429 0.639988 659.823656 
0.634512 0.010213 0.772845 273.204358 -0.000764 0.999920 -0.012587 9.200835 -0.772912 0.007396 0.634470 610.225768 
-0.999973 -0.001883 -0.007081 976.744148 -0.001790 0.999911 -0.013209 9.833892 0.007106 -0.013196 -0.999888 31.769202 
-0.639987 -0.001030 0.768385 682.712793 -0.001132 0.999999 0.000398 0.699284 -0.768385 -0.000615 -0.639988 632.238090 
Frame 35
3.660156
0
0.639987 -0.001120 0.768385 289.451599 0.001047 0.999999 0.000586 -0.639669 -0.768385 0.000429 0.639988 659.823656 
0.633436 0.011903 0.773704 273.153582 -0.001629 0.999900 -0.014049 9.342283 -0.773793 0.007639 0.633392 611.421195 
-0.999960 -0.002778 -0.008457 977.695046 -0.002654 0.999889 -0.014673 9.975872 0.008497 -0.014650 -0.999857 31.043071 
-0.639987 -0.001030 0.768385 682.712793 -0.001132 0.999999 0.000398 0.699284 -0.768385 -0.000615 -0.639988 632.238090 
Frame 36
3.760153
0
0.639987 -0.001120 0.768385 289.451599 0.001047 0.999999 0.000586 -0.639669 -0.768385 0.000429 0.639988 659.823656 
0.633069 0.011060 0.774017 272.731596 -0.001533 0.999914 -0.013034 9.145310 -0.774094 0.007065 0.633031 610.938783 
-0.999956 -0.002680 -0.008936 977.594636 -0.002558 0.999903 -0.013658 9.779185 0.008972 -0.013635 -0.999867 31.676178 
-0.639987 -0.001030 0.768385 682.712793 -0.001132 0.999999 0.000398 0.699284 -0.768385 -0.000615 -0.639988 632.238090 
Frame 37
3.860121
0
0.639987 -0.001120 0.768385 289.451599 0.001047 0.999999 0.000586 -0.639669 -0.768385 0.000429 0.639988 659.823656 
0.633047 0.011066 0.774034 273.006402 -0.000815 0.999907 -0.013629 9.484480 -0.774113 0.007997 0.632997 611.189110 
-0.999958 -0.001967 -0.008973 977.610762 -0.001839 0.999897 -0.014253 10.118143 0.009000 -0.014236 -0.999858 31.304606 
-0.639987 -0.001030 0.768385 682.712793 -0.001132 0.999999 0.000398 0.699284 -0.768385 -0.000615 -0.639988 632.238090 
Frame 38
3.960128
0
0.639987 -0.001120 0.768385 289.451599 0.001047 0.999999 0.000586 -0.639669 -0.768385 0.000429 0.639988 659.823656 
0.633635 0.011258 0.773550 273.149665 -0.000850 0.999904 -0.013856 9.417708 -0.773632 0.008122 0.633583 610.855636 
-0.999964 -0.001994 -0.008212 977.262909 -0.001875 0.999893 -0.014479 10.051077 0.008240 -0.014463 -0.999861 31.407985 
-0.639987 -0.001030 0.768385 682.712793 -0.001132 0.999999 0.000398 0.699284 -0.768385 -0.000615 -0.639988 632.238090 
Frame 39
4.060153
0
0.639987 -0.001120 0.768385 289.451599 0.001047 0.999999 0.000586 -0.639669 -0.768385 0.000429 0.639988 659.823656 
0.633643 0.010965 0.773548 273.029942 -0.001203 0.999912 -0.013188 9.252485 -0.773625 0.007426 0.633600 610.892391 
-0.999964 -0.002342 -0.008199 977.367942 -0.002228 0.999902 -0.013811 9.886004 0.008230 -0.013793 -0.999871 31.476557 
-0.639987 -0.001030 0.768385 682.712793 -0.001132 0.999999 0.000398 0.699284 -0.768385 -0.000615 -0.639988 632.238090 
Frame 40
4.160144
0
0.639987 -0.001120 0.768385 289.451599 0.001047 0.999999 0.000586 -0.639669 -0.768385 0.000429 0.639988 659.823656 
0.633276 0.011387 0.773842 273.030796 -0.001717 0.999910 -0.013308 9.282566 -0.773924 0.007099 0.633239 611.413029 
-0.999958 -0.002862 -0.008665 977.767415 -0.002742 0.999899 -0.013932 9.916291 0.008704 -0.013908 -0.999865 31.142681 
-0.639987 -0.001030 0.768385 682.712793 -0.001132 0.999999 0.000398 0.699284 -0.768385 -0.000615 -0.639988 632.238090 
Frame 41
4.260151
0
0.639987 -0.001120 0.768385 289.451599 0.001047 0.999999 0.000586 -0.639669 -0.768385 0.000429 0.639988 659.823656 
0.634260 0.011115 0.773040 273.032984 -0.001574 0.999913 -0.013086 9.149840 -0.773118 0.007083 0.634222 610.488009 
-0.999969 -0.002701 -0.007396 977.055380 -0.002600 0.999903 -0.013708 9.783195 0.007432 -0.013688 -0.999879 31.733083 
-0.639987 -0.001030 0.768385 682.712793 -0.001132 0.999999 0.000398 0.699284 -0.768385 -0.000615 -0.639988 632.238090 
Frame 42
4.360102
0
0.639987 -0.001120 0.768385 289.451599 0.001047 0.999999 0.000586 -0.639669 -0.768385 0.000429 0.639988 659.823656 
0.635570 0.010718 0.771969 273.481016 -0.000653 0.999911 -0.013345 9.331035 -0.772043 0.007978 0.635520 610.087613 
-0.999982 -0.001759 -0.005712 976.460800 -0.001679 0.999901 -0.013966 9.963723 0.005736 -0.013956 -0.999886 31.644960 
-0.639987 -0.001030 0.768385 682.712793 -0.001132 0.999999 0.000398 0.699284 -0.768385 -0.000615 -0.639988 632.238090 
Frame 43
4.460128
0
0.639987 -0.001120 0.768385 289.451599 0.001047 0.999999 0.000586 -0.639669 -0.768385 0.000429 0.639988 659.823656 
0.635309 0.010752 0.772183 273.453752 -0.001161 0.999915 -0.012968 9.185227 -0.772257 0.007342 0.635267 610.058666 
-0.999979 -0.002269 -0.006045 976.456156 -0.002187 0.999905 -0.013588 9.817934 0.006075 -0.013575 -0.999889 31.684524 
-0.639987 -0.001030 0.768385 682.712793 -0.001132 0.999999 0.000398 0.699284 -0.768385 -0.000615 -0.639988 632.238090 
Frame 44
4.560118
0
0.639987 -0.001120 0.768385 289.451599 0.001047 0.999999 0.000586 -0.639669 -0.768385 0.000429 0.639988 659.823656 
0.633663 0.011398 0.773526 273.264824 -0.001560 0.999908 -0.013455 9.219049 -0.773608 0.007320 0.633622 611.286390 
-0.999963 -0.002700 -0.008167 977.520397 -0.002585 0.999898 -0.014079 9.852459 0.008204 -0.014057 -0.999868 31.043944 
-0.639987 -0.001030 0.768385 682.712793 -0.001132 0.999999 0.000398 0.699284 -0.768385 -0.000615 -0.639988 632.238090 
Frame 45
4.660133
0
0.639987 -0.001120 0.768385 289.451599 0.001047 0.999999 0.000586 -0.639669 -0.768385 0.000429 0.639988 659.823656 
0.633607 0.010988 0.773577 272.878693 -0.001266 0.999913 -0.013166 9.213388 -0.773654 0.007363 0.633565 610.542683 
-0.999963 -0.002405 -0.008244 977.196070 -0.002291 0.999902 -0.013789 9.846939 0.008277 -0.013770 -0.999871 31.816608 
-0.639987 -0.001030 0.768385 682.712793 -0.001132 0.999999 0.000398 0.699284 -0.768385 -0.000615 -0.639988 632.238090 
Frame 46
4.760152
0
0.639987 -0.001120 0.768385 289.451599 0.001047 0.999999 0.000586 -0.639669 -0.768385 0.000429 0.639988 659.823656 
0.633517 0.011366 0.773645 273.058329 -0.001014 0.999903 -0.013860 9.440881 -0.773728 0.007996 0.633467 611.189519 
-0.999963 -0.002161 -0.008362 977.577889 -0.002039 0.999893 -0.014483 10.074486 0.008393 -0.014466 -0.999860 31.264471 
-0.639987 -0.001030 0.768385 682.712793 -0.001132 0.999999 0.000398 0.699284 -0.768385 -0.000615 -0.639988 632.238090 
Frame 47
4.860127
0
0.639987 -0.001120 0.768385 289.451599 0.001047 0.999999 0.000586 -0.639669 -0.768385 0.000429 0.639988 659.823656 
0.634214 0.010517 0.773086 273.013414 -0.001243 0.999920 -0.012584 9.131361 -0.773157 0.007020 0.634176 610.150874 
-0.999969 -0.002367 -0.007461 976.808873 -0.002268 0.999910 -0.013206 9.764604 0.007491 -0.013189 -0.999885 31.963894 
-0.639987 -0.001030 0.768385 682.712793 -0.001132 0.999999 0.000398 0.699284 -0.768385 -0.000615 -0.639988 632.238090 
Frame 48
5.260089
0
0.639987 -0.001120 0.768385 289.451599 0.001047 0.999999 0.000586 -0.639669 -0.768385 0.000429 0.639988 659.823656 
0.633974 0.010303 0.773285 273.117826 0.000303 0.999908 -0.013570 9.504260 -0.773354 0.008837 0.633913 610.358939 
-0.999969 -0.000833 -0.007790 976.901541 -0.000722 0.999899 -0.014193 10.137467 0.007801 -0.014187 -0.999869 31.750277 
-0.639987 -0.001030 0.768385 682.712793 -0.001132 0.999999 0.000398 0.699284 -0.768385 -0.000615 -0.639988 632.238090 
Frame 49
5.360125
0
0.639987 -0.001120 0.768385 289.451599 0.001047 0.999999 0.000586 -0.639669 -0.768385 0.000429 0.639988 659.823656 
0.633793 0.010019 0.773438 273.063383 -0.000227 0.999918 -0.012767 9.346034 -0.773503 0.007916 0.633743 610.432717 
-0.999967 -0.001360 -0.008019 976.993236 -0.001253 0.999910 -0.013390 9.979332 0.008036 -0.013379 -0.999878 31.744990 
-0.639987 -0.001030 0.768385 682.712793 -0.001132 0.999999 0.000398 0.699284 -0.768385 -0.000615 -0.639988 632.238090 
Frame 50
5.460124
0
0.639987 -0.001120 0.768385 289.451599 0.001047 0.999999 0.000586 -0.639669 -0.768385 0.000429 0.639988 659.823656 
0.633679 0.010853 0.773520 273.041406 -0.001305 0.999915 -0.012960 9.223241 -0.773595 0.007203 0.633639 610.938813 
-0.999964 -0.002441 -0.008151 977.396305 -0.002330 0.999905 -0.013583 9.856766 0.008183 -0.013564 -0.999875 31.438057 
-0.639987 -0.001030 0.768385 682.712793 -0.001132 0.999999 0.000398 0.699284 -0.768385 -0.000615 -0.639988 632.238090 
Frame 51
5.560104
0
0.639987 -0.001120 0.768385 289.451599 0.001047 0.999999 0.000586 -0.639669 -0.768385 0.000429 0.639988 659.823656 
0.633613 0.011556 0.773564 273.084410 -0.001893 0.999909 -0.013386 9.142288 -0.773648 0.007017 0.633577 611.384400 
-0.999962 -0.003034 -0.008227 977.711249 -0.002918 0.999898 -0.014009 9.775942 0.008268 -0.013985 -0.999868 31.119893 
-0.639987 -0.001030 0.768385 682.712793 -0.001132 0.999999 0.000398 0.699284 -0.768385 -0.000615 -0.639988 632.238090 
Frame 52
5.660093
0
0.639987 -0.001120 0.768385 289.451599 0.001047 0.999999 0.000586 -0.639669 -0.768385 0.000429 0.639988 659.823656 
0.633891 0.011389 0.773338 272.963899 -0.002157 0.999914 -0.012957 9.064660 -0.773419 0.006545 0.633861 610.633557 
-0.999964 -0.003289 -0.007864 977.211518 -0.003182 0.999903 -0.013580 9.698151 0.007908 -0.013554 -0.999877 31.693070 
-0.639987 -0.001030 0.768385 682.712793 -0.001132 0.999999 0.000398 0.699284 -0.768385 -0.000615 -0.639988 632.238090 
Frame 53
5.760103
0
0.639987 -0.001120 0.768385 289.451599 0.001047 0.999999 0.000586 -0.639669 -0.768385 0.000429 0.639988 659.823656 
0.634353 0.011452 0.772959 273.158489 -0.001577 0.999907 -0.013521 9.244963 -0.773042 0.007358 0.634312 610.723973 
-0.999970 -0.002705 -0.007275 977.156271 -0.002602 0.999897 -0.014143 9.878269 0.007312 -0.014124 -0.999874 31.485574 
-0.639987 -0.001030 0.768385 682.712793 -0.001132 0.999999 0.000398 0.699284 -0.768385 -0.000615 -0.639988 632.238090 
Frame 54
5.860117
0
0.639987 -0.001120 0.768385 289.451599 0.001047 0.999999 0.000586 -0.639669 -0.768385 0.000429 0.639988 659.823656 
0.634090 0.011356 0.773176 273.257602 -0.001484 0.999908 -0.013468 9.334465 -0.773258 0.007393 0.634049 611.092578 
-0.999968 -0.002617 -0.007616 977.375978 -0.002509 0.999898 -0.014091 9.967806 0.007652 -0.014071 -0.999872 31.173459 
-0.639987 -0.001030 0.768385 682.712793 -0.001132 0.999999 0.000398 0.699284 -0.768385 -0.000615 -0.639988 632.238090 
Frame 55
5.960130
0
0.639987 -0.001120 0.768385 289.451599 0.001047 0.999999 0.000586 -0.639669 -0.768385 0.000429 0.639988 659.823656 
0.633536 0.011058 0.773634 273.311934 -0.001443 0.999913 -0.013111 9.284463 -0.773712 0.007190 0.633497 611.497562 
-0.999962 -0.002583 -0.008334 977.652442 -0.002468 0.999903 -0.013734 9.917904 0.008368 -0.013713 -0.999871 30.872557 
-0.639987 -0.001030 0.768385 682.712793 -0.001132 0.999999 0.000398 0.699284 -0.768385 -0.000615 -0.639988 632.238090 
Frame 56
6.060116
0
0.639987 -0.001120 0.768385 289.451599 0.001047 0.999999 0.000586 -0.639669 -0.768385 0.000429 0.639988 659.823656 
0.632933 0.011214 0.774125 273.009921 -0.001318 0.999909 -0.013407 9.372634 -0.774206 0.007466 0.632890 611.428550 
-0.999955 -0.002470 -0.009114 977.792608 -0.002342 0.999899 -0.014031 10.006389 0.009147 -0.014009 -0.999860 31.148732 
-0.639987 -0.001030 0.768385 682.712793 -0.001132 0.999999 0.000398 0.699284 -0.768385 -0.000615 -0.639988 632.238090 
Frame 57
6.160105
0
0.639987 -0.001120 0.768385 289.451599 0.001047 0.999999 0.000586 -0.639669 -0.768385 0.000429 0.639988 659.823656 
0.633093 0.011209 0.773994 273.069150 -0.001224 0.999908 -0.013479 9.342703 -0.774075 0.007586 0.633049 611.273928 
-0.999958 -0.002374 -0.008908 977.635923 -0.002249 0.999898 -0.014103 9.976329 0.008940 -0.014083 -0.999861 31.202197 
-0.639987 -0.001030 0.768385 682.712793 -0.001132 0.999999 0.000398 0.699284 -0.768385 -0.000615 -0.639988 632.238090 
Frame 58
6.260086
0
0.639987 -0.001120 0.768385 289.451599 0.001047 0.999999 0.000586 -0.639669 -0.768385 0.000429 0.639988 659.823656 
0.633498 0.011034 0.773666 272.932030 -0.001470 0.999914 -0.013058 9.193638 -0.773743 0.007135 0.633460 610.643630 
-0.999961 -0.002610 -0.008382 977.239520 -0.002495 0.999903 -0.013681 9.827169 0.008417 -0.013659 -0.999871 31.711032 
-0.639987 -0.001030 0.768385 682.712793 -0.001132 0.999999 0.000398 0.699284 -0.768385 -0.000615 -0.639988 632.238090 
Frame 59
6.360086
0
0.639987 -0.001120 0.768385 289.451599 0.001047 0.999999 0.000586 -0.639669 -0.768385 0.000429 0.639988 659.823656 
0.633459 0.011463 0.773692 273.120068 -0.002033 0.999911 -0.013150 9.126752 -0.773774 0.006757 0.633426 611.531203 
-0.999959 -0.003174 -0.008425 977.801245 -0.003058 0.999900 -0.013773 9.760423 0.008467 -0.013747 -0.999870 30.998552 
-0.639987 -0.001030 0.768385 682.712793 -0.001132 0.999999 0.000398 0.699284 -0.768385 -0.000615 -0.639988 632.238090 
Frame 60
6.460084
0
0.639987 -0.001120 0.768385 289.451599 0.001047 0.999999 0.000586 -0.639669 -0.768385 0.000429 0.639988 659.823656 
0.633766 0.011290 0.773442 273.220211 -0.000932 0.999904 -0.013833 9.433907 -0.773524 0.008046 0.633716 611.108164 
-0.999966 -0.002074 -0.008041 977.411781 -0.001957 0.999894 -0.014456 10.067296 0.008071 -0.014439 -0.999863 31.192154 
-0.639987 -0.001030 0.768385 682.712793 -0.001132 0.999999 0.000398 0.699284 -0.768385 -0.000615 -0.639988 632.238090 
Frame 61
6.560123
0
0.639987 -0.001120 0.768385 289.451599 0.001047 0.999999 0.000586 -0.639669 -0.768385 0.000429 0.639988 659.823656 
0.634184 0.010188 0.773115 273.200151 0.000326 0.999910 -0.013444 9.522909 -0.773182 0.008778 0.634124 610.191502 
-0.999971 -0.000806 -0.007519 976.720179 -0.000700 0.999901 -0.014066 10.155957 0.007530 -0.014061 -0.999873 31.794166 
-0.639987 -0.001030 0.768385 682.712793 -0.001132 0.999999 0.000398 0.699284 -0.768385 -0.000615 -0.639988 632.238090 
Frame 62
6.660111
0
0.639987 -0.001120 0.768385 289.451599 0.001047 0.999999 0.000586 -0.639669 -0.768385 0.000429 0.639988 659.823656 
0.634214 0.010139 0.773091 273.213657 -0.000489 0.999919 -0.012713 9.251797 -0.773157 0.007685 0.634168 610.421787 
-0.999971 -0.001614 -0.007470 976.888762 -0.001514 0.999910 -0.013335 9.884921 0.007491 -0.013324 -0.999883 31.636576 
-0.639987 -0.001030 0.768385 682.712793 -0.001132 0.999999 0.000398 0.699284 -0.768385 -0.000615 -0.639988 632.238090 
Frame 63
6.760103
0
0.639987 -0.001120 0.768385 289.451599 0.001047 0.999999 0.000586 -0.639669 -0.768385 0.000429 0.639988 659.823656 
0.634218 0.011490 0.773069 273.270023 -0.001876 0.999909 -0.013322 9.246372 -0.773152 0.006999 0.634182 610.996989 
-0.999968 -0.003005 -0.007444 977.294671 -0.002901 0.999899 -0.013945 9.879661 0.007486 -0.013923 -0.999875 31.225145 
-0.639987 -0.001030 0.768385 682.712793 -0.001132 0.999999 0.000398 0.699284 -0.768385 -0.000615 -0.639988 632.238090 
Frame 64
6.860094
0
0.639987 -0.001120 0.768385 289.451599 0.001047 0.999999 0.000586 -0.639669 -0.768385 0.000429 0.639988 659.823656 
0.633398 0.010839 0.773751 272.934401 -0.001923 0.999921 -0.012432 8.979584 -0.773824 0.006387 0.633368 611.293748 
-0.999959 -0.003059 -0.008507 977.737765 -0.002948 0.999910 -0.013056 9.613371 0.008547 -0.013030 -0.999879 31.293273 
-0.639987 -0.001030 0.768385 682.712793 -0.001132 0.999999 0.000398 0.699284 -0.768385 -0.000615 -0.639988 632.238090 
Frame 65
6.960071
0
0.639987 -0.001120 0.768385 289.451599 0.001047 0.999999 0.000586 -0.639669 -0.768385 0.000429 0.639988 659.823656 
0.632661 0.011087 0.774350 272.841296 -0.001089 0.999909 -0.013426 9.371282 -0.774428 0.007651 0.632615 611.506372 
-0.999953 -0.002247 -0.009468 977.960324 -0.002114 0.999899 -0.014051 10.005258 0.009499 -0.014030 -0.999856 31.228497 
-0.639987 -0.001030 0.768385 682.712793 -0.001132 0.999999 0.000398 0.699284 -0.768385 -0.000615 -0.639988 632.238090 
Frame 66
7.060113
0
0.639987 -0.001120 0.768385 289.451599 0.001047 0.999999 0.000586 -0.639669 -0.768385 0.000429 0.639988 659.823656 
0.632474 0.011543 0.774496 273.088752 -0.001123 0.999902 -0.013985 9.486183 -0.774581 0.007976 0.632424 611.561156 
-0.999950 -0.002289 -0.009708 977.843932 -0.002147 0.999891 -0.014610 10.119902 0.009740 -0.014588 -0.999846 31.003224 
-0.639987 -0.001030 0.768385 682.712793 -0.001132 0.999999 0.000398 0.699284 -0.768385 -0.000615 -0.639988 632.238090 
Frame 67
7.160100
0
0.639987 -0.001120 0.768385 289.451599 0.001047 0.999999 0.000586 -0.639669 -0.768385 0.000429 0.639988 659.823656 
0.633202 0.011144 0.773907 273.109278 -0.000987 0.999907 -0.013590 9.311749 -0.773986 0.007841 0.633154 611.162447 
-0.999959 -0.002137 -0.008771 977.524614 -0.002012 0.999897 -0.014214 9.945286 0.008800 -0.014195 -0.999861 31.242729 
-0.639987 -0.001030 0.768385 682.712793 -0.001132 0.999999 0.000398 0.699284 -0.768385 -0.000615 -0.639988 632.238090 
Frame 68
7.260108
0
0.639987 -0.001120 0.768385 289.451599 0.001047 0.999999 0.000586 -0.639669 -0.768385 0.000429 0.639988 659.823656 
0.634169 0.010755 0.773120 273.122432 -0.000815 0.999912 -0.013241 9.396811 -0.773194 0.007767 0.634122 610.425134 
-0.999970 -0.001945 -0.007524 976.949568 -0.001840 0.999902 -0.013863 10.030040 0.007550 -0.013849 -0.999876 31.704440 
-0.639987 -0.001030 0.768385 682.712793 -0.001132 0.999999 0.000398 0.699284 -0.768385 -0.000615 -0.639988 632.238090 
Frame 69
7.360102
0
0.639987 -0.001120 0.768385 289.451599 0.001047 0.999999 0.000586 -0.639669 -0.768385 0.000429 0.639988 659.823656 
0.634691 0.010460 0.772695 273.256846 -0.001034 0.999919 -0.012686 9.205392 -0.772765 0.007253 0.634650 610.139129 
-0.999974 -0.002151 -0.006847 976.643979 -0.002060 0.999909 -0.013308 9.838355 0.006875 -0.013294 -0.999888 31.784316 
-0.639987 -0.001030 0.768385 682.712793 -0.001132 0.999999 0.000398 0.699284 -0.768385 -0.000615 -0.639988 632.238090 
Frame 70
7.460060
0
0.639987 -0.001120 0.768385 289.451599 0.001047 0.999999 0.000586 -0.639669 -0.768385 0.000429 0.639988 659.823656 
0.634657 0.010322 0.772725 273.161866 -0.001165 0.999922 -0.012399 9.095758 -0.772793 0.006969 0.634620 610.262678 
-0.999974 -0.002281 -0.006890 976.799812 -0.002191 0.999913 -0.013021 9.728877 0.006919 -0.013006 -0.999891 31.778294 
-0.639987 -0.001030 0.768385 682.712793 -0.001132 0.999999 0.000398 0.699284 -0.768385 -0.000615 -0.639988 632.238090 
Frame 71
7.560056
0
0.639987 -0.001120 0.768385 289.451599 0.001047 0.999999 0.000586 -0.639669 -0.768385 0.000429 0.639988 659.823656 
0.633974 0.011243 0.773272 273.129856 -0.001823 0.999913 -0.013044 9.181039 -0.773352 0.006860 0.633940 610.952294 
-0.999966 -0.002954 -0.007761 977.350101 -0.002848 0.999903 -0.013667 9.814468 0.007801 -0.013644 -0.999876 31.361492 
-0.639987 -0.001030 0.768385 682.712793 -0.001132 0.999999 0.000398 0.699284 -0.768385 -0.000615 -0.639988 632.238090 
Frame 72
7.660066
0
0.639987 -0.001120 0.768385 289.451599 0.001047 0.999999 0.000586 -0.639669 -0.768385 0.000429 0.639988 659.823656 
0.634414 0.010866 0.772917 273.105061 -0.000476 0.999906 -0.013666 9.429380 -0.772994 0.008302 0.634359 610.317739 
-0.999973 -0.001605 -0.007211 976.878131 -0.001502 0.999897 -0.014288 10.062585 0.007233 -0.014277 -0.999872 31.786499 
-0.639987 -0.001030 0.768385 682.712793 -0.001132 0.999999 0.000398 0.699284 -0.768385 -0.000615 -0.639988 632.238090 
Frame 73
7.760088
0
0.639987 -0.001120 0.768385 289.451599 0.001047 0.999999 0.000586 -0.639669 -0.768385 0.000429 0.639988 659.823656 
0.634744 0.009759 0.772661 273.232822 -0.000423 0.999924 -0.012282 9.238720 -0.772722 0.007469 0.634700 609.901899 
-0.999976 -0.001537 -0.006787 976.477036 -0.001449 0.999916 -0.012904 9.871615 0.006806 -0.012893 -0.999894 31.954579 
-0.639987 -0.001030 0.768385 682.712793 -0.001132 0.999999 0.000398 0.699284 -0.768385 -0.000615 -0.639988 632.238090 
Frame 74
7.860087
0
0.639987 -0.001120 0.768385 289.451599 0.001047 0.999999 0.000586 -0.639669 -0.768385 0.000429 0.639988 659.823656 
0.634871 0.010408 0.772548 273.441268 -0.001155 0.999921 -0.012522 9.081268 -0.772618 0.007057 0.634832 610.127735 
-0.999976 -0.002268 -0.006613 976.517325 -0.002181 0.999911 -0.013143 9.714017 0.006642 -0.013128 -0.999892 31.649977 
-0.639987 -0.001030 0.768385 682.712793 -0.001132 0.999999 0.000398 0.699284 -0.768385 -0.000615 -0.639988 632.238090 
Frame 75
7.960083
0
0.639987 -0.001120 0.768385 289.451599 0.001047 0.999999 0.000586 -0.639669 -0.768385 0.000429 0.639988 659.823656 
0.634136 0.011015 0.773143 273.136889 -0.000822 0.999908 -0.013572 9.287361 -0.773221 0.007971 0.634087 610.690587 
-0.999969 -0.001955 -0.007565 977.144399 -0.001848 0.999898 -0.014194 9.920678 0.007592 -0.014180 -0.999871 31.523512 
-0.639987 -0.001030 0.768385 682.712793 -0.001132 0.999999 0.000398 0.699284 -0.768385 -0.000615 -0.639988 632.238090 
Frame 76
8.360087
0
0.639987 -0.001120 0.768385 289.451599 0.001047 0.999999 0.000586 -0.639669 -0.768385 0.000429 0.639988 659.823656 
0.633296 0.010927 0.773833 272.784978 -0.001741 0.999918 -0.012695 9.127033 -0.773908 0.006693 0.633263 610.747937 
-0.999959 -0.002881 -0.008641 977.413849 -0.002765 0.999907 -0.013319 9.760772 0.008678 -0.013294 -0.999874 31.757310 
-0.639987 -0.001030 0.768385 682.712793 -0.001132 0.999999 0.000398 0.699284 -0.768385 -0.000615 -0.639988 632.238090 
Frame 77
8.460064
0
0.639987 -0.001120 0.768385 289.451599 0.001047 0.999999 0.000586 -0.639669 -0.768385 0.000429 0.639988 659.823656 
0.633335 0.011365 0.773794 272.998083 -0.001794 0.999911 -0.013218 9.235552 -0.773875 0.006983 0.633299 611.335713 
-0.999959 -0.002938 -0.008587 977.728991 -0.002819 0.999900 -0.013841 9.869283 0.008627 -0.013816 -0.999867 31.217327 
-0.639987 -0.001030 0.768385 682.712793 -0.001132 0.999999 0.000398 0.699284 -0.768385 -0.000615 -0.639988 632.238090 
Frame 78
8.560056
0
0.639987 -0.001120 0.768385 289.451599 0.001047 0.999999 0.000586 -0.639669 -0.768385 0.000429 0.639988 659.823656 
0.633368 0.011227 0.773770 273.117750 -0.001044 0.999906 -0.013653 9.373350 -0.773850 0.007840 0.633320 611.179932 
-0.999961 -0.002191 -0.008555 977.532563 -0.002069 0.999896 -0.014277 10.006884 0.008586 -0.014258 -0.999861 31.224990 
-0.639987 -0.001030 0.768385 682.712793 -0.001132 0.999999 0.000398 0.699284 -0.768385 -0.000615 -0.639988 632.238090 
Frame 79
8.660062
0
0.639987 -0.001120 0.768385 289.451599 0.001047 0.999999 0.000586 -0.639669 -0.768385 0.000429 0.639988 659.823656 
0.633520 0.011064 0.773647 273.103035 -0.000521 0.999904 -0.013873 9.434821 -0.773726 0.008386 0.633465 610.600900 
-0.999964 -0.001667 -0.008365 977.096998 -0.001546 0.999894 -0.014497 10.068141 0.008388 -0.014483 -0.999860 31.606833 
-0.639987 -0.001030 0.768385 682.712793 -0.001132 0.999999 0.000398 0.699284 -0.768385 -0.000615 -0.639988 632.238090 
Frame 80
8.760034
0
0.639987 -0.001120 0.768385 289.451599 0.001047 0.999999 0.000586 -0.639669 -0.768385 0.000429 0.639988 659.823656 
0.633428 0.011220 0.773720 273.076539 -0.000968 0.999906 -0.013707 9.341185 -0.773801 0.007934 0.633379 610.667347 
-0.999962 -0.002114 -0.008478 977.165108 -0.001992 0.999895 -0.014331 9.974562 0.008508 -0.014313 -0.999861 31.584724 
-0.639987 -0.001030 0.768385 682.712793 -0.001132 0.999999 0.000398 0.699284 -0.768385 -0.000615 -0.639988 632.238090 
Frame 81
8.860049
0
0.639987 -0.001120 0.768385 289.451599 0.001047 0.999999 0.000586 -0.639669 -0.768385 0.000429 0.639988 659.823656 
0.633480 0.012008 0.773666 273.201916 -0.001684 0.999899 -0.014141 9.414590 -0.773757 0.007655 0.633436 611.314927 
-0.999961 -0.002833 -0.008399 977.582384 -0.002708 0.999887 -0.014764 10.048082 0.008440 -0.014741 -0.999856 31.073898 
-0.639987 -0.001030 0.768385 682.712793 -0.001132 0.999999 0.000398 0.699284 -0.768385 -0.000615 -0.639988 632.238090 
Frame 82
8.960068
0
0.639987 -0.001120 0.768385 289.451599 0.001047 0.999999 0.000586 -0.639669 -0.768385 0.000429 0.639988 659.823656 
0.633904 0.011029 0.773333 273.030959 -0.001210 0.999911 -0.013269 9.236561 -0.773411 0.007475 0.633861 610.655482 
